-71.8049020263 -71.8049000263 -71.8048980263 -71.8048960263 -71.8048940263 -71.8048920263 -71.8048900263 -71.8048880263 -71.8048860263 -71.8048840263 -71.8048820263 -71.8048800263 -71.8048780263 -71.8048760263 -71.8048740263 -71.8048720263 -71.8048700263 -71.8048680263 -71.8048660263 -71.8048640263 -71.8048620263 -71.8048600263 -71.8048580263 -71.8048560263 -71.8048540263 -71.8048520263 
-71.8049020263 -71.8049000263 -71.8048980263 -71.8048960263 -71.8048940263 -71.8048920263 -71.8048900263 -71.8048880263 -71.8048860263 -71.8048840263 -71.8048820263 -71.8048800263 -71.8048780263 -71.8048760263 -71.8048740263 -71.8048720263 -71.8048700263 -71.8048680263 -71.8048660263 -71.8048640263 -71.8048620263 -71.8048600263 -71.8048580263 -71.8048560263 -71.8048540263 -71.8048520263 
-71.8049020263 -71.8049000263 -71.8048980263 -71.8048960263 -71.8048940263 -71.8048920263 -71.8048900263 -71.8048880263 -71.8048860263 -71.8048840263 -71.8048820263 -71.8048800263 -71.8048780263 -71.8048760263 -71.8048740263 -71.8048720263 -71.8048700263 -71.8048680263 -71.8048660263 -71.8048640263 -71.8048620263 -71.8048600263 -71.8048580263 -71.8048560263 -71.8048540263 -71.8048520263 
-71.8049020263 -71.8049000263 -71.8048980263 -71.8048960263 -71.8048940263 -71.8048920263 -71.8048900263 -71.8048880263 -71.8048860263 -71.8048840263 -71.8048820263 -71.8048800263 -71.8048780263 -71.8048760263 -71.8048740263 -71.8048720263 -71.8048700263 -71.8048680263 -71.8048660263 -71.8048640263 -71.8048620263 -71.8048600263 -71.8048580263 -71.8048560263 -71.8048540263 -71.8048520263 
-71.8049020263 -71.8049000263 -71.8048980263 -71.8048960263 -71.8048940263 -71.8048920263 -71.8048900263 -71.8048880263 -71.8048860263 -71.8048840263 -71.8048820263 -71.8048800263 -71.8048780263 -71.8048760263 -71.8048740263 -71.8048720263 -71.8048700263 -71.8048680263 -71.8048660263 -71.8048640263 -71.8048620263 -71.8048600263 -71.8048580263 -71.8048560263 -71.8048540263 -71.8048520263 
-71.8049020263 -71.8049000263 -71.8048980263 -71.8048960263 -71.8048940263 -71.8048920263 -71.8048900263 -71.8048880263 -71.8048860263 -71.8048840263 -71.8048820263 -71.8048800263 -71.8048780263 -71.8048760263 -71.8048740263 -71.8048720263 -71.8048700263 -71.8048680263 -71.8048660263 -71.8048640263 -71.8048620263 -71.8048600263 -71.8048580263 -71.8048560263 -71.8048540263 -71.8048520263 
-71.8049020263 -71.8049000263 -71.8048980263 -71.8048960263 -71.8048940263 -71.8048920263 -71.8048900263 -71.8048880263 -71.8048860263 -71.8048840263 -71.8048820263 -71.8048800263 -71.8048780263 -71.8048760263 -71.8048740263 -71.8048720263 -71.8048700263 -71.8048680263 -71.8048660263 -71.8048640263 -71.8048620263 -71.8048600263 -71.8048580263 -71.8048560263 -71.8048540263 -71.8048520263 
-71.8049020263 -71.8049000263 -71.8048980263 -71.8048960263 -71.8048940263 -71.8048920263 -71.8048900263 -71.8048880263 -71.8048860263 -71.8048840263 -71.8048820263 -71.8048800263 -71.8048780263 -71.8048760263 -71.8048740263 -71.8048720263 -71.8048700263 -71.8048680263 -71.8048660263 -71.8048640263 -71.8048620263 -71.8048600263 -71.8048580263 -71.8048560263 -71.8048540263 -71.8048520263 
-71.8049020263 -71.8049000263 -71.8048980263 -71.8048960263 -71.8048940263 -71.8048920263 -71.8048900263 -71.8048880263 -71.8048860263 -71.8048840263 -71.8048820263 -71.8048800263 -71.8048780263 -71.8048760263 -71.8048740263 -71.8048720263 -71.8048700263 -71.8048680263 -71.8048660263 -71.8048640263 -71.8048620263 -71.8048600263 -71.8048580263 -71.8048560263 -71.8048540263 -71.8048520263 
-71.8049020263 -71.8049000263 -71.8048980263 -71.8048960263 -71.8048940263 -71.8048920263 -71.8048900263 -71.8048880263 -71.8048860263 -71.8048840263 -71.8048820263 -71.8048800263 -71.8048780263 -71.8048760263 -71.8048740263 -71.8048720263 -71.8048700263 -71.8048680263 -71.8048660263 -71.8048640263 -71.8048620263 -71.8048600263 -71.8048580263 -71.8048560263 -71.8048540263 -71.8048520263 
-71.8049020263 -71.8049000263 -71.8048980263 -71.8048960263 -71.8048940263 -71.8048920263 -71.8048900263 -71.8048880263 -71.8048860263 -71.8048840263 -71.8048820263 -71.8048800263 -71.8048780263 -71.8048760263 -71.8048740263 -71.8048720263 -71.8048700263 -71.8048680263 -71.8048660263 -71.8048640263 -71.8048620263 -71.8048600263 -71.8048580263 -71.8048560263 -71.8048540263 -71.8048520263 
-71.8049020263 -71.8049000263 -71.8048980263 -71.8048960263 -71.8048940263 -71.8048920263 -71.8048900263 -71.8048880263 -71.8048860263 -71.8048840263 -71.8048820263 -71.8048800263 -71.8048780263 -71.8048760263 -71.8048740263 -71.8048720263 -71.8048700263 -71.8048680263 -71.8048660263 -71.8048640263 -71.8048620263 -71.8048600263 -71.8048580263 -71.8048560263 -71.8048540263 -71.8048520263 
-71.8049020263 -71.8049000263 -71.8048980263 -71.8048960263 -71.8048940263 -71.8048920263 -71.8048900263 -71.8048880263 -71.8048860263 -71.8048840263 -71.8048820263 -71.8048800263 -71.8048780263 -71.8048760263 -71.8048740263 -71.8048720263 -71.8048700263 -71.8048680263 -71.8048660263 -71.8048640263 -71.8048620263 -71.8048600263 -71.8048580263 -71.8048560263 -71.8048540263 -71.8048520263 
-71.8049020263 -71.8049000263 -71.8048980263 -71.8048960263 -71.8048940263 -71.8048920263 -71.8048900263 -71.8048880263 -71.8048860263 -71.8048840263 -71.8048820263 -71.8048800263 -71.8048780263 -71.8048760263 -71.8048740263 -71.8048720263 -71.8048700263 -71.8048680263 -71.8048660263 -71.8048640263 -71.8048620263 -71.8048600263 -71.8048580263 -71.8048560263 -71.8048540263 -71.8048520263 
-71.8049020263 -71.8049000263 -71.8048980263 -71.8048960263 -71.8048940263 -71.8048920263 -71.8048900263 -71.8048880263 -71.8048860263 -71.8048840263 -71.8048820263 -71.8048800263 -71.8048780263 -71.8048760263 -71.8048740263 -71.8048720263 -71.8048700263 -71.8048680263 -71.8048660263 -71.8048640263 -71.8048620263 -71.8048600263 -71.8048580263 -71.8048560263 -71.8048540263 -71.8048520263 
-71.8049020263 -71.8049000263 -71.8048980263 -71.8048960263 -71.8048940263 -71.8048920263 -71.8048900263 -71.8048880263 -71.8048860263 -71.8048840263 -71.8048820263 -71.8048800263 -71.8048780263 -71.8048760263 -71.8048740263 -71.8048720263 -71.8048700263 -71.8048680263 -71.8048660263 -71.8048640263 -71.8048620263 -71.8048600263 -71.8048580263 -71.8048560263 -71.8048540263 -71.8048520263 
-71.8049020263 -71.8049000263 -71.8048980263 -71.8048960263 -71.8048940263 -71.8048920263 -71.8048900263 -71.8048880263 -71.8048860263 -71.8048840263 -71.8048820263 -71.8048800263 -71.8048780263 -71.8048760263 -71.8048740263 -71.8048720263 -71.8048700263 -71.8048680263 -71.8048660263 -71.8048640263 -71.8048620263 -71.8048600263 -71.8048580263 -71.8048560263 -71.8048540263 -71.8048520263 
-71.8049020263 -71.8049000263 -71.8048980263 -71.8048960263 -71.8048940263 -71.8048920263 -71.8048900263 -71.8048880263 -71.8048860263 -71.8048840263 -71.8048820263 -71.8048800263 -71.8048780263 -71.8048760263 -71.8048740263 -71.8048720263 -71.8048700263 -71.8048680263 -71.8048660263 -71.8048640263 -71.8048620263 -71.8048600263 -71.8048580263 -71.8048560263 -71.8048540263 -71.8048520263 
-71.8049020263 -71.8049000263 -71.8048980263 -71.8048960263 -71.8048940263 -71.8048920263 -71.8048900263 -71.8048880263 -71.8048860263 -71.8048840263 -71.8048820263 -71.8048800263 -71.8048780263 -71.8048760263 -71.8048740263 -71.8048720263 -71.8048700263 -71.8048680263 -71.8048660263 -71.8048640263 -71.8048620263 -71.8048600263 -71.8048580263 -71.8048560263 -71.8048540263 -71.8048520263 
