42.2755805577 42.2755805577 42.2755805577 42.2755805577 42.2755805577 42.2755805577 42.2755805577 42.2755805577 42.2755805577 42.2755805577 42.2755805577 42.2755805577 42.2755805577 42.2755805577 42.2755805577 42.2755805577 42.2755805577 42.2755805577 42.2755805577 42.2755805577 42.2755805577 42.2755805577 42.2755805577 42.2755805577 42.2755805577 42.2755805577 
42.2755785577 42.2755785577 42.2755785577 42.2755785577 42.2755785577 42.2755785577 42.2755785577 42.2755785577 42.2755785577 42.2755785577 42.2755785577 42.2755785577 42.2755785577 42.2755785577 42.2755785577 42.2755785577 42.2755785577 42.2755785577 42.2755785577 42.2755785577 42.2755785577 42.2755785577 42.2755785577 42.2755785577 42.2755785577 42.2755785577 
42.2755765577 42.2755765577 42.2755765577 42.2755765577 42.2755765577 42.2755765577 42.2755765577 42.2755765577 42.2755765577 42.2755765577 42.2755765577 42.2755765577 42.2755765577 42.2755765577 42.2755765577 42.2755765577 42.2755765577 42.2755765577 42.2755765577 42.2755765577 42.2755765577 42.2755765577 42.2755765577 42.2755765577 42.2755765577 42.2755765577 
42.2755745577 42.2755745577 42.2755745577 42.2755745577 42.2755745577 42.2755745577 42.2755745577 42.2755745577 42.2755745577 42.2755745577 42.2755745577 42.2755745577 42.2755745577 42.2755745577 42.2755745577 42.2755745577 42.2755745577 42.2755745577 42.2755745577 42.2755745577 42.2755745577 42.2755745577 42.2755745577 42.2755745577 42.2755745577 42.2755745577 
42.2755725577 42.2755725577 42.2755725577 42.2755725577 42.2755725577 42.2755725577 42.2755725577 42.2755725577 42.2755725577 42.2755725577 42.2755725577 42.2755725577 42.2755725577 42.2755725577 42.2755725577 42.2755725577 42.2755725577 42.2755725577 42.2755725577 42.2755725577 42.2755725577 42.2755725577 42.2755725577 42.2755725577 42.2755725577 42.2755725577 
42.2755705577 42.2755705577 42.2755705577 42.2755705577 42.2755705577 42.2755705577 42.2755705577 42.2755705577 42.2755705577 42.2755705577 42.2755705577 42.2755705577 42.2755705577 42.2755705577 42.2755705577 42.2755705577 42.2755705577 42.2755705577 42.2755705577 42.2755705577 42.2755705577 42.2755705577 42.2755705577 42.2755705577 42.2755705577 42.2755705577 
42.2755685577 42.2755685577 42.2755685577 42.2755685577 42.2755685577 42.2755685577 42.2755685577 42.2755685577 42.2755685577 42.2755685577 42.2755685577 42.2755685577 42.2755685577 42.2755685577 42.2755685577 42.2755685577 42.2755685577 42.2755685577 42.2755685577 42.2755685577 42.2755685577 42.2755685577 42.2755685577 42.2755685577 42.2755685577 42.2755685577 
42.2755665577 42.2755665577 42.2755665577 42.2755665577 42.2755665577 42.2755665577 42.2755665577 42.2755665577 42.2755665577 42.2755665577 42.2755665577 42.2755665577 42.2755665577 42.2755665577 42.2755665577 42.2755665577 42.2755665577 42.2755665577 42.2755665577 42.2755665577 42.2755665577 42.2755665577 42.2755665577 42.2755665577 42.2755665577 42.2755665577 
42.2755645577 42.2755645577 42.2755645577 42.2755645577 42.2755645577 42.2755645577 42.2755645577 42.2755645577 42.2755645577 42.2755645577 42.2755645577 42.2755645577 42.2755645577 42.2755645577 42.2755645577 42.2755645577 42.2755645577 42.2755645577 42.2755645577 42.2755645577 42.2755645577 42.2755645577 42.2755645577 42.2755645577 42.2755645577 42.2755645577 
42.2755625577 42.2755625577 42.2755625577 42.2755625577 42.2755625577 42.2755625577 42.2755625577 42.2755625577 42.2755625577 42.2755625577 42.2755625577 42.2755625577 42.2755625577 42.2755625577 42.2755625577 42.2755625577 42.2755625577 42.2755625577 42.2755625577 42.2755625577 42.2755625577 42.2755625577 42.2755625577 42.2755625577 42.2755625577 42.2755625577 
42.2755605577 42.2755605577 42.2755605577 42.2755605577 42.2755605577 42.2755605577 42.2755605577 42.2755605577 42.2755605577 42.2755605577 42.2755605577 42.2755605577 42.2755605577 42.2755605577 42.2755605577 42.2755605577 42.2755605577 42.2755605577 42.2755605577 42.2755605577 42.2755605577 42.2755605577 42.2755605577 42.2755605577 42.2755605577 42.2755605577 
42.2755585577 42.2755585577 42.2755585577 42.2755585577 42.2755585577 42.2755585577 42.2755585577 42.2755585577 42.2755585577 42.2755585577 42.2755585577 42.2755585577 42.2755585577 42.2755585577 42.2755585577 42.2755585577 42.2755585577 42.2755585577 42.2755585577 42.2755585577 42.2755585577 42.2755585577 42.2755585577 42.2755585577 42.2755585577 42.2755585577 
42.2755565577 42.2755565577 42.2755565577 42.2755565577 42.2755565577 42.2755565577 42.2755565577 42.2755565577 42.2755565577 42.2755565577 42.2755565577 42.2755565577 42.2755565577 42.2755565577 42.2755565577 42.2755565577 42.2755565577 42.2755565577 42.2755565577 42.2755565577 42.2755565577 42.2755565577 42.2755565577 42.2755565577 42.2755565577 42.2755565577 
42.2755545577 42.2755545577 42.2755545577 42.2755545577 42.2755545577 42.2755545577 42.2755545577 42.2755545577 42.2755545577 42.2755545577 42.2755545577 42.2755545577 42.2755545577 42.2755545577 42.2755545577 42.2755545577 42.2755545577 42.2755545577 42.2755545577 42.2755545577 42.2755545577 42.2755545577 42.2755545577 42.2755545577 42.2755545577 42.2755545577 
42.2755525577 42.2755525577 42.2755525577 42.2755525577 42.2755525577 42.2755525577 42.2755525577 42.2755525577 42.2755525577 42.2755525577 42.2755525577 42.2755525577 42.2755525577 42.2755525577 42.2755525577 42.2755525577 42.2755525577 42.2755525577 42.2755525577 42.2755525577 42.2755525577 42.2755525577 42.2755525577 42.2755525577 42.2755525577 42.2755525577 
42.2755505577 42.2755505577 42.2755505577 42.2755505577 42.2755505577 42.2755505577 42.2755505577 42.2755505577 42.2755505577 42.2755505577 42.2755505577 42.2755505577 42.2755505577 42.2755505577 42.2755505577 42.2755505577 42.2755505577 42.2755505577 42.2755505577 42.2755505577 42.2755505577 42.2755505577 42.2755505577 42.2755505577 42.2755505577 42.2755505577 
42.2755485577 42.2755485577 42.2755485577 42.2755485577 42.2755485577 42.2755485577 42.2755485577 42.2755485577 42.2755485577 42.2755485577 42.2755485577 42.2755485577 42.2755485577 42.2755485577 42.2755485577 42.2755485577 42.2755485577 42.2755485577 42.2755485577 42.2755485577 42.2755485577 42.2755485577 42.2755485577 42.2755485577 42.2755485577 42.2755485577 
42.2755465577 42.2755465577 42.2755465577 42.2755465577 42.2755465577 42.2755465577 42.2755465577 42.2755465577 42.2755465577 42.2755465577 42.2755465577 42.2755465577 42.2755465577 42.2755465577 42.2755465577 42.2755465577 42.2755465577 42.2755465577 42.2755465577 42.2755465577 42.2755465577 42.2755465577 42.2755465577 42.2755465577 42.2755465577 42.2755465577 
42.2755445577 42.2755445577 42.2755445577 42.2755445577 42.2755445577 42.2755445577 42.2755445577 42.2755445577 42.2755445577 42.2755445577 42.2755445577 42.2755445577 42.2755445577 42.2755445577 42.2755445577 42.2755445577 42.2755445577 42.2755445577 42.2755445577 42.2755445577 42.2755445577 42.2755445577 42.2755445577 42.2755445577 42.2755445577 42.2755445577 
